2	5.25435e+09	2.67445e+09	
4	1.05122e+10	2.72016e+09	
6	1.57627e+10	2.70783e+09	
8	2.1019e+10	2.69272e+09	
10	2.62675e+10	3.36786e+09	
12	3.15203e+10	4.03421e+09	
14	3.68004e+10	4.70819e+09	
16	4.20344e+10	5.36926e+09	
18	4.73047e+10	6.03506e+09	
20	5.25544e+10	6.70043e+09	
22	5.78393e+10	7.39232e+09	
24	6.30813e+10	8.02427e+09	
26	6.83269e+10	8.68492e+09	
28	7.35669e+10	9.3445e+09	
30	7.88186e+10	1.00265e+10	
32	8.40795e+10	1.06867e+10	
34	8.93306e+10	1.13583e+10	
36	9.45975e+10	1.19956e+10	
38	9.98359e+10	1.26819e+10	
40	1.05106e+11	1.3335e+10	
42	1.10349e+11	1.40038e+10	
44	1.1561e+11	1.4646e+10	
46	1.20865e+11	1.53346e+10	
48	1.26101e+11	1.59997e+10	
50	1.3136e+11	1.66768e+10	
52	1.36622e+11	1.73204e+10	
54	1.41886e+11	1.79989e+10	
56	1.47129e+11	1.86655e+10	
58	1.5239e+11	1.93111e+10	
60	1.57639e+11	1.99539e+10	
62	1.62898e+11	2.0644e+10	
64	1.68182e+11	2.13001e+10	
