2	2	2.03163	1.17756	
4	4.0526	2.09566	
6	6.07843	1.95725	
8	8.1045	1.04547	
10	10.1513	1.31841	
12	12.1555	1.57617	
14	14.1866	1.84288	
16	16.2027	2.09605	
18	18.2413	2.36551	
20	20.2686	2.63501	
22	22.2912	2.89088	
24	24.3415	3.14013	
26	26.3395	3.41724	
28	28.363	3.66957	
30	30.4052	3.93067	
32	32.4195	4.18468	
34	34.4479	4.4612	
36	36.4733	4.71528	
38	38.4962	4.97893	
40	40.5803	5.21992	
42	42.5548	5.51461	
44	44.5888	5.7577	
46	46.6067	6.03169	
48	48.6605	6.25901	
50	50.6995	6.55342	
52	52.6882	6.79597	
54	54.7133	7.0745	
56	56.7803	7.3091	
58	58.7623	7.6081	
60	60.7871	7.86567	
62	