#Each Task sleeps for specified cyles 
#PreConditionsMet based on the neighbors
#ntask  runtime in s(1 thread)   runtime in s(8 thread)
2	2.02797	1.73174	
4	4.05614	3.84736	
6	6.084	3.02853	
8	8.10802	1.41462	
10	10.1577	1.33562	
12	12.1654	1.57672	
14	14.1927	1.84094	
16	16.2096	2.0973	
18	18.25	2.35838	
20	20.2732	2.62035	
22	22.2955	2.88721	
24	24.3552	3.14251	
26	26.3531	3.40453	
28	28.3814	3.66262	
30	30.4153	3.93001	
32	32.432	4.19371	
34	34.459	4.44455	
36	36.4826	4.70899	
38	38.5329	4.96932	
40	40.541	5.22279	
42	42.5718	5.49637	
44	44.5985	5.74699	
46	46.62	6.0276	
48	48.6641	6.26357	
50	50.6747	6.52885	
52	52.7041	6.79658	
54	54.729	7.05018	
56	56.7558	7.30998	
58	58.7829	7.58577	
60	60.8239	7.89131	
62	62.8485	8.11952	
64	64.8633	8.34217	
