#Each Task sleeps for specified cyles 
#PreConditionsMet always met
#ntask  runtime in s(1 thread)   runtime in s(8 thread)
2	2.02594	1.17525	
4	4.05265	2.13314	
6	6.09056	1.99311	
8	8.10657	1.04535	
10	10.1461	1.31822	
12	12.1616	1.57571	
14	14.1822	1.84157	
16	16.2069	2.09746	
18	18.2393	2.36418	
20	20.2597	2.6237	
22	22.2945	2.89257	
24	24.3472	3.13987	
26	26.3446	3.41565	
28	28.3703	3.67193	
30	30.4063	3.92901	
32	32.42	4.18736	
34	34.4551	4.45928	
36	36.4736	4.70967	
38	38.5049	4.97625	
40	40.5269	5.22171	
42	42.562	5.51666	
44	44.578	5.75588	
46	46.6073	6.02633	
48	48.6682	6.26104	
50	50.6617	6.557	
52	52.6906	6.79622	
54	54.7122	7.07062	
56	56.7396	7.3109	
58	58.7685	7.6091	
60	60.8077	7.87734	
62	62.8435	8.11766	
64	64.8398	8.35265	
